@relation AAC
@ATTRIBUTE x1 REAL
@ATTRIBUTE x2 REAL
@ATTRIBUTE x3 REAL
@ATTRIBUTE x4 REAL
@ATTRIBUTE x5 REAL
@ATTRIBUTE x6 REAL
@ATTRIBUTE x7 REAL
@ATTRIBUTE x8 REAL
@ATTRIBUTE x9 REAL
@ATTRIBUTE x10 REAL
@ATTRIBUTE x11 REAL
@ATTRIBUTE x12 REAL
@ATTRIBUTE x13 REAL
@ATTRIBUTE x14 REAL
@ATTRIBUTE x15 REAL
@ATTRIBUTE x16 REAL
@ATTRIBUTE x17 REAL
@ATTRIBUTE x18 REAL
@ATTRIBUTE x19 REAL
@ATTRIBUTE x20 REAL
@ATTRIBUTE class 	{1,2,3,4,5,6,7}


@DATA
6.23608,3.89755,3.11804,4.12027,5.45657,6.01336,2.44989,7.01559,4.67706,11.0245,1.67038,3.45212,5.67929,3.34076,3.45212,9.1314,6.4588,7.57238,1.78174,3.45212,1
6.34744,3.89755,3.2294,4.12027,5.34521,6.01336,2.33853,7.12695,4.67706,11.1359,1.67038,3.2294,5.56793,3.45212,3.56347,9.1314,6.34744,7.46102,1.78174,3.56347,1
7.5,3.26087,4.8913,4.67391,4.13043,5.21739,2.6087,7.06522,2.3913,10,1.95652,5,4.13043,2.6087,5.65217,8.15217,7.06522,8.15217,1.95652,3.58696,1
7.13624,3.05839,3.61446,6.8582,6.8582,6.20945,2.1316,7.50695,4.17053,8.89713,1.48285,4.54124,4.54124,4.7266,4.54124,9.08248,5.00463,5.37535,1.66821,2.595,1
7.13624,3.05839,3.52178,6.8582,6.8582,6.30213,2.03892,7.41427,4.17053,8.89713,1.39018,4.63392,4.54124,4.7266,4.54124,9.08248,5.00463,5.46803,1.66821,2.68767,1
6.70956,3.21691,3.67647,6.80147,7.07721,5.97426,2.02206,7.07721,4.31985,9.28309,0.827206,4.31985,4.59559,4.59559,4.31985,9.28309,5.60662,6.06618,1.65441,2.57353,1
7.69231,3.60273,3.89484,5.93963,6.52386,6.23174,1.94742,7.59494,4.96592,8.66602,1.16845,4.86855,4.18695,3.11587,4.77118,8.95813,6.13437,5.25803,1.46056,3.0185,1
6.51341,3.44828,2.93742,6.76884,7.40741,6.3857,2.42656,6.89655,4.34227,9.06769,1.53257,4.46999,4.85313,4.98084,4.34227,9.1954,5.23627,5.23627,1.53257,2.42656,1
7.09677,3.31797,3.59447,6.82028,6.91244,6.08295,2.11982,7.18894,4.3318,8.75576,1.19816,4.3318,5.16129,4.23963,4.42396,9.30876,5.52995,5.43779,1.65899,2.48848,1
6.7718,3.24675,3.71058,6.86456,7.05009,6.02968,2.04082,7.14286,4.35993,9.09091,0.834879,4.35993,4.54545,4.54545,4.35993,9.27644,5.56586,5.93692,1.66976,2.5974,1
7.04356,3.15107,3.61446,6.95088,6.67285,6.11677,2.22428,7.32159,4.07785,8.98981,1.57553,4.44856,4.44856,4.63392,4.63392,9.54588,4.91196,5.37535,1.57553,2.68767,1
7.5543,3.11615,3.305,7.17658,7.17658,5.85458,1.88857,6.98772,4.53258,8.68744,1.03872,5.66572,4.53258,3.02172,4.43815,9.91501,5.38244,5.57129,1.60529,2.54958,1
7.58483,3.19361,3.59281,6.68663,6.88623,5.88822,1.99601,7.58483,3.99202,8.88224,1.49701,4.19162,4.79042,4.99002,4.59082,9.28144,5.18962,5.18962,1.59681,2.39521,1
6.86456,3.24675,3.71058,6.86456,7.05009,5.93692,2.13358,7.05009,4.45269,9.18367,0.834879,4.35993,4.54545,4.54545,4.1744,9.27644,5.56586,5.93692,1.66976,2.5974,1
7.34884,3.16279,3.62791,6.97674,6.97674,6.4186,1.95349,7.44186,4.09302,8.93023,1.30233,4,5.48837,3.90698,4.74419,9.2093,5.2093,5.11628,1.5814,2.51163,1
6.73527,3.18054,3.64827,6.82881,6.82881,6.54818,1.96445,7.57717,4.77081,8.69972,1.12254,4.86436,4.30309,4.02245,4.39663,9.82226,5.145,5.23854,1.59027,2.71282,1
7.99632,2.94118,3.76838,6.61765,6.89338,7.99632,2.02206,6.43382,3.67647,8.63971,0.735294,4.13603,6.52574,2.66544,5.97426,8.63971,4.87132,5.51471,1.74632,2.20588,1
7.01107,3.22878,3.50554,6.91882,7.01107,6.08856,2.12177,7.19557,4.33579,8.76384,1.19926,4.33579,4.42804,4.98155,4.5203,9.31734,5.4428,5.4428,1.56827,2.58303,1
6.65499,2.71454,4.72855,4.72855,5.34151,4.55342,1.83888,6.21716,4.81611,8.05604,1.83888,7.35552,4.46585,2.97723,4.46585,9.45709,7.70578,6.91769,1.66375,3.50263,1
7.17658,3.21058,3.39943,7.17658,7.08215,6.32672,1.983,7.17658,4.53258,8.59301,1.03872,5.28801,4.72144,2.92729,4.43815,9.63173,5.57129,5.47686,1.60529,2.644,1
6.79522,3.39761,3.48944,6.97888,7.16253,6.06061,2.0202,7.16253,4.0404,8.99908,1.28558,4.13223,4.77502,4.49954,4.49954,9.27456,5.87695,5.50964,1.56107,2.47934,1
6.01358,3.49176,3.78274,6.49855,6.30456,6.20757,2.23084,7.75946,5.33463,8.34142,1.64888,4.65567,3.68574,3.29777,3.97672,9.21435,6.40155,6.11057,1.4549,3.58875,1
6.80147,3.21691,3.58456,6.70956,7.07721,6.06618,2.11397,7.07721,4.41176,9.375,0.827206,4.31985,4.50368,4.59559,4.13603,9.28309,5.60662,6.06618,1.65441,2.57353,1
6.86456,3.24675,3.61781,6.7718,7.05009,6.12245,2.13358,7.14286,4.45269,9.18367,0.834879,4.35993,4.45269,4.54545,4.1744,9.27644,5.56586,5.93692,1.66976,2.5974,1
6.8582,3.4291,3.52178,7.04356,7.04356,6.11677,2.03892,7.22892,4.07785,8.89713,1.2975,4.17053,4.7266,4.44856,4.54124,9.26784,5.83874,5.37535,1.57553,2.50232,1
5.70175,3.39912,4.60526,5.26316,6.35965,6.14035,1.86404,7.23684,5.59211,9.86842,2.08333,4.05702,4.16667,3.07018,3.83772,8.11404,5.92105,7.67544,1.64474,3.39912,1
5.67227,1.68067,5.2521,6.72269,5.67227,5.2521,2.73109,7.98319,5.2521,6.93277,2.52101,5.2521,4.20168,2.52101,4.20168,7.56303,6.72269,7.56303,1.89076,4.41176,1
6.14035,3.39912,4.60526,5.48246,6.35965,5.8114,1.42544,7.34649,5.8114,9.75877,2.52193,4.38596,4.38596,2.63158,3.50877,7.78509,6.0307,7.23684,1.64474,3.72807,1
5.70801,3.29308,4.17124,6.03732,6.25686,6.03732,1.64654,6.91548,6.25686,9.54995,2.30516,4.50055,4.17124,2.19539,3.62239,8.12294,6.36663,7.68386,1.427,3.73216,1
5.70801,3.29308,4.17124,6.03732,6.25686,6.03732,1.64654,6.91548,6.25686,9.54995,2.30516,4.50055,4.17124,2.19539,3.62239,8.12294,6.36663,7.68386,1.427,3.73216,1
5.70175,3.28947,4.60526,5.48246,6.35965,5.92105,1.86404,7.56579,5.48246,10.0877,2.08333,4.27632,4.27632,2.96053,3.72807,8.00439,5.92105,7.34649,1.64474,3.39912,1
6.45514,3.17287,4.814,6.23632,6.01751,6.34573,1.53173,7.87746,5.47046,9.62801,1.75055,3.93873,3.71991,2.62582,4.04814,7.33042,5.79869,7.33042,1.53173,4.37637,1
4.99391,3.16687,4.7503,5.84653,6.45554,5.48112,1.46163,7.67357,6.45554,9.1352,2.19245,4.01949,4.5067,2.19245,3.89769,8.64799,6.21194,7.42996,1.33983,4.14129,1
5.89569,3.1746,4.7619,5.21542,6.46259,5.66893,1.47392,7.48299,5.89569,9.52381,2.38095,4.42177,4.42177,2.49433,3.62812,8.04989,6.12245,7.48299,1.5873,3.85488,1
5.58931,3.03767,4.37424,5.71081,5.58931,5.22479,1.8226,8.26245,6.68287,9.35601,1.94411,4.37424,4.37424,2.18712,3.6452,7.53341,6.68287,7.77643,1.45808,4.37424,1
6.31068,3.03398,4.85437,5.46117,5.9466,5.9466,1.45631,7.40291,6.31068,9.95146,2.06311,4.36893,3.8835,2.42718,3.03398,7.64563,6.67476,7.40291,1.45631,4.36893,1
4.97573,3.03398,4.49029,5.82524,6.06796,5.9466,2.06311,8.13107,5.82524,9.10194,1.57767,4.61165,4.36893,2.18447,3.64078,7.88835,6.67476,8.49515,1.57767,3.51942,1
5.33981,3.39806,4.36893,5.82524,5.82524,6.18932,1.57767,7.40291,5.9466,10.1942,2.06311,4.00485,4.12621,2.42718,3.51942,8.13107,6.67476,7.88835,1.33495,3.76214,1
4.8478,2.93123,4.05862,5.18602,6.5389,5.74972,2.25479,8.00451,6.20068,9.80834,2.36753,4.2841,4.05862,2.36753,4.2841,7.32807,6.76437,7.21533,1.46561,4.2841,1
4.85437,3.03398,4.73301,5.82524,5.9466,5.82524,1.82039,8.49515,5.9466,8.73786,1.82039,4.36893,4.24757,2.18447,4.00485,8.00971,6.43204,8.37379,1.57767,3.76214,1
5.70388,3.39806,4.36893,5.9466,5.58252,5.70388,1.94175,8.13107,6.06796,9.95146,2.06311,4.00485,4.49029,2.18447,3.39806,8.25243,6.31068,7.28155,1.33495,3.8835,1
4.85437,3.15534,4.73301,5.58252,6.06796,6.06796,1.94175,8.00971,5.82524,8.98058,1.45631,4.49029,4.24757,2.30583,3.76214,8.00971,6.91748,8.49515,1.57767,3.51942,1
6.0307,3.28947,4.27632,6.0307,6.14035,6.25,1.53509,7.67544,5.70175,9.42982,1.75439,4.05702,3.72807,2.63158,4.27632,7.89474,5.92105,7.56579,1.86404,3.94737,1
6.25686,3.18332,4.50055,5.92755,5.92755,6.58617,1.53677,8.12294,5.3787,9.54995,1.86608,3.62239,3.9517,2.63447,4.39078,7.46432,6.14709,7.13502,1.64654,4.17124,1
7.81065,2.84024,4.26036,5.44379,6.62722,5.91716,1.42012,8.7574,5.79882,8.40237,1.6568,4.73373,3.90533,2.01183,3.43195,8.7574,6.98225,6.15385,1.6568,3.43195,1
6.36364,4.09091,3.48485,4.69697,4.84848,5.15152,2.72727,7.57576,4.84848,11.0606,2.42424,5.15152,4.09091,3.48485,4.69697,7.27273,5.30303,7.87879,1.51515,3.33333,1
4.81799,1.82013,3.96146,5.24625,6.53105,4.38972,2.24839,8.35118,6.10278,11.1349,1.82013,5.46039,3.31906,3.64026,4.60385,8.77944,5.56745,7.38758,1.606,3.21199,2
6.31383,2.13556,4.82823,5.84958,4.17827,4.27112,3.15692,6.22098,6.40669,9.47075,2.78552,4.92108,5.19963,2.97122,6.31383,7.70659,6.31383,6.03528,1.57846,3.34262,2
6.24442,2.05174,4.63872,5.61998,4.19269,4.90633,3.21142,6.06601,6.15522,9.27743,2.76539,4.72792,5.17395,3.38983,6.60125,7.85013,6.15522,6.15522,1.60571,3.21142,2
8.03511,1.28292,4.86158,6.1445,3.78123,6.75219,2.09318,4.59149,4.3214,9.18298,1.35044,4.25388,4.99662,2.83592,8.3052,10.8035,6.61715,6.61715,1.14787,2.02566,2
6.51163,1.97674,4.65116,6.16279,5,5.93023,2.09302,6.62791,5.11628,9.88372,3.25581,4.88372,4.53488,5,4.06977,5.93023,6.97674,6.27907,1.51163,3.60465,2
6.65163,2.59301,3.72041,5.86246,4.8478,5.74972,2.14205,6.87711,4.8478,11.8377,2.70575,4.2841,4.73506,5.07328,4.2841,5.63698,6.98985,6.5389,1.46561,3.15671,2
6.43275,2.10526,4.67836,5.84795,5.26316,5.84795,2.22222,6.90058,4.91228,9.94152,3.15789,4.5614,4.67836,4.67836,3.74269,6.08187,7.01754,6.54971,1.75439,3.62573,2
6.43204,2.18447,4.85437,5.9466,5.21845,5.70388,2.18447,6.91748,5.09709,9.8301,3.15534,4.73301,4.61165,4.85437,3.76214,5.9466,6.91748,6.43204,1.45631,3.76214,2
7.19895,2.09424,4.71204,5.2356,4.58115,5.36649,1.70157,7.19895,5.62827,10.0785,2.6178,4.84293,3.40314,4.97382,4.71204,6.5445,5.49738,7.98429,2.09424,3.53403,2
6.43564,2.10396,4.70297,5.19802,4.82673,5.94059,1.73267,8.16832,5.69307,9.77723,2.47525,4.20792,2.9703,4.33168,4.57921,7.79703,5.56931,7.42574,2.22772,3.83663,2
7.61155,1.9685,4.19948,6.82415,5.51181,5.77428,2.3622,7.74278,4.98688,9.71129,3.41207,3.01837,3.28084,4.46194,5.64304,6.82415,4.98688,6.03675,2.23097,3.41207,2
7.34788,2.06659,4.3628,5.97015,4.01837,5.16648,1.37773,6.88863,5.28129,9.41447,2.41102,4.82204,4.70723,3.09989,5.51091,7.23307,6.42939,8.26636,2.1814,3.44432,2
7.97619,2.2619,4.28571,5.95238,4.28571,6.19048,1.90476,7.02381,5,10.119,2.7381,3.57143,3.80952,4.52381,5.2381,6.07143,6.42857,7.38095,2.02381,3.21429,2
8.08561,2.25922,4.28062,6.06421,4.28062,6.06421,2.14031,7.01546,4.87515,10.107,2.61593,3.56718,3.80499,4.39952,5.23187,6.06421,6.53983,7.37218,2.0214,3.21046,2
8.12425,2.27001,3.94265,6.21266,4.30108,6.21266,1.91159,6.57109,5.37634,10.1553,2.86738,3.46476,3.94265,4.42055,4.89845,6.09319,6.57109,7.40741,2.03106,3.22581,2
7.31995,2.00708,4.84061,5.549,4.2503,8.02834,1.41677,7.08383,5.43093,9.79929,2.47934,4.48642,3.06966,4.2503,5.07674,7.20189,4.84061,7.55608,1.88902,3.42385,2
7.58123,2.04573,4.81348,4.45247,3.85078,6.25752,2.04573,5.5355,4.69314,9.86763,2.16606,5.17449,4.45247,4.21179,6.73887,8.18291,6.13718,6.73887,2.16606,2.88809,2
8.19477,2.25653,4.3943,6.05701,4.27553,6.17577,2.13777,6.7696,4.75059,10.095,2.73159,3.44418,3.80048,4.3943,5.22565,6.53207,6.4133,7.12589,2.019,3.20665,2
8.4223,2.25386,4.27046,6.04982,4.27046,6.04982,2.13523,6.99881,4.86358,10.083,2.60973,3.55872,3.79597,4.38909,5.21945,6.04982,6.52432,7.23606,2.01661,3.20285,2
7.7193,2.22222,4.32749,6.43275,4.21053,5.96491,1.87135,7.36842,5.02924,10.0585,2.69006,3.85965,3.62573,4.21053,5.02924,6.19883,6.66667,7.48538,1.9883,3.04094,2
7.70142,2.48815,4.2654,6.27962,4.14692,6.27962,1.89573,7.22749,4.85782,10.1896,2.72512,3.90995,4.02844,4.02844,5.21327,5.6872,6.75355,7.22749,2.01422,3.08057,2
7.43741,2.50368,4.27099,7.36377,4.05007,5.59647,1.91458,5.22828,6.11193,8.3947,2.65096,3.60825,4.93373,5.37555,5.6701,7.58468,6.2592,5.81738,1.54639,3.68189,2
8.18713,2.5731,4.09357,6.08187,4.32749,6.19883,1.9883,6.90058,4.79532,10.1754,2.80702,3.50877,3.97661,4.32749,5.02924,6.19883,6.31579,7.1345,1.9883,3.39181,2
8.0891,2.4619,4.10317,6.21336,4.10317,6.44783,1.99297,6.91676,4.9238,9.96483,2.57913,3.98593,3.75147,4.10317,5.15826,6.09613,6.56506,7.50293,1.99297,3.04807,2
7.92899,2.36686,4.61538,5.79882,4.14201,5.79882,2.24852,6.98225,5.08876,10.2959,2.60355,3.5503,3.90533,4.14201,5.56213,6.0355,6.74556,7.10059,2.01183,3.07692,2
8.19477,2.25653,4.27553,6.05701,4.27553,6.17577,2.13777,7.00713,4.75059,10.095,2.61283,3.56295,3.91924,4.51306,5.22565,6.05701,6.4133,7.24466,2.019,3.20665,2
8.01068,2.13618,4.13885,6.40854,4.27236,4.93992,2.00267,7.0761,5.07343,9.74633,2.67023,3.73832,3.33778,4.40587,5.60748,6.27503,6.94259,7.61015,2.00267,3.60481,2
6.56506,2.22743,4.68933,6.3306,4.9238,5.6272,1.52403,7.62016,6.3306,9.96483,2.22743,4.33763,3.63423,4.10317,4.68933,6.79953,5.50996,6.56506,2.34467,3.98593,2
6.71581,1.7199,4.5045,5.15971,4.0131,4.7502,4.0131,5.40541,5.24161,7.94431,2.7027,4.4226,4.914,5.48731,5.81491,9.25471,6.30631,6.96151,1.4742,3.1941,2
6.72131,1.72131,4.5082,5.08197,4.01639,4.7541,4.01639,5.4918,5.2459,7.95082,2.62295,4.42623,4.91803,5.4918,5.81967,9.2623,6.31148,6.96721,1.47541,3.19672,2
6.72131,1.72131,4.5082,5.08197,4.01639,4.7541,4.01639,5.40984,5.2459,7.95082,2.70492,4.42623,4.91803,5.4918,5.81967,9.2623,6.31148,6.96721,1.47541,3.19672,2
7.22311,1.60514,4.33387,6.58106,4.01284,5.53772,3.04976,6.34029,5.45746,7.78491,2.48796,3.77207,4.73515,3.04976,6.66132,9.87159,7.14286,6.01926,1.04334,3.29053,2
7.05521,1.91718,4.1411,5.59816,3.60429,5.52147,3.22086,4.98466,5.67485,8.43558,2.22393,5.06135,4.67791,3.83436,5.44479,10.8896,6.74847,6.59509,1.38037,2.9908,2
6.88817,1.62075,4.29498,5.34846,3.80875,5.10535,3.97083,5.59157,5.18639,7.94165,2.51216,4.45705,4.61912,5.51053,6.0778,9.07618,6.40194,6.88817,1.53971,3.16045,2
6.87961,1.8018,4.4226,5.24161,4.095,4.8321,4.0131,5.40541,5.15971,7.94431,2.7027,4.3407,4.914,5.15971,5.89681,9.50041,6.22441,6.87961,1.3923,3.1941,2
6.90222,1.72555,4.43714,5.25883,4.02629,4.84799,4.02629,5.42317,5.17666,7.97042,2.71159,4.2728,4.93016,5.17666,5.91619,9.44947,6.24486,6.90222,1.39688,3.2046,2
7.22394,1.75439,4.95356,4.95356,4.12797,6.39835,2.99278,6.70795,5.15996,7.53354,2.57998,4.02477,5.36636,4.12797,5.77915,8.15273,6.70795,6.81115,1.34159,3.30237,2
6.56814,1.80624,4.18719,5.25452,3.94089,4.10509,4.02299,5.74713,5.41872,8.21018,2.62726,4.18719,4.5156,6.65025,5.74713,8.45649,7.22496,6.81445,1.31363,3.20197,2
6.53061,1.79592,4.32653,5.14286,3.91837,4.32653,3.91837,5.79592,5.38776,8,2.44898,4.40816,4.57143,6.85714,5.71429,8.32653,7.26531,6.77551,1.30612,3.18367,2
7.14286,1.59915,4.47761,5.65032,4.79744,4.58422,3.51812,5.75693,4.90405,9.59488,2.98507,3.94456,4.371,5.75693,5.11727,6.5032,5.97015,8.10235,1.81237,3.41151,2
7.69231,1.71849,4.25532,4.50082,4.00982,4.82815,3.60065,5.64648,4.58265,7.85597,2.78232,4.25532,4.99182,4.99182,6.71031,9.49264,6.46481,6.79214,1.63666,3.19149,2
6.83903,1.75146,4.25354,5.17098,4.00334,4.33695,4.08674,5.7548,5.42118,7.83987,2.75229,4.58716,4.67056,5.17098,5.8382,8.67389,7.25605,7.00584,1.41785,3.16931,2
6.66667,1.64609,4.36214,5.34979,3.78601,4.19753,3.7037,6.00823,5.26749,8.55967,2.30453,4.77366,4.77366,4.77366,6.00823,8.55967,7.3251,7.2428,1.39918,3.29218,2
6.76447,1.62999,4.40098,5.21597,4.15648,4.72698,3.99348,5.37897,5.13447,7.82396,2.68949,4.31948,4.97148,5.86797,5.86797,9.37245,6.11247,6.92747,1.54849,3.09698,2
6.72131,1.63934,4.5082,5.16393,3.93443,4.7541,4.01639,5.40984,5.16393,7.95082,2.70492,4.42623,4.91803,5.40984,5.90164,9.34426,6.22951,6.96721,1.55738,3.27869,2
6.54129,1.79886,4.25184,5.47833,3.84301,4.33361,3.76124,5.5601,5.15127,8.01308,2.53475,4.41537,4.98774,5.96893,5.8054,8.83074,6.78659,7.27719,1.47179,3.18888,2
4.44444,1.72043,4.87455,5.44803,4.01434,5.87814,2.50896,6.59498,6.73835,8.02867,2.00717,5.08961,4.08602,6.30824,5.08961,9.82079,6.23656,5.94982,1.29032,3.87097,2
8.58238,1.22605,3.29502,4.67433,3.5249,6.36015,2.75862,5.44061,3.5249,10.8046,1.68582,3.5249,5.6705,4.5977,6.7433,9.96169,7.27969,6.36015,1.37931,2.60536,2
8.35249,1.22605,3.29502,4.67433,3.5249,6.28352,2.83525,5.44061,3.5249,10.8046,1.68582,3.5249,5.74713,4.5977,6.7433,9.88506,7.35632,6.59004,1.37931,2.52874,2
9.16667,1.36364,3.18182,4.77273,3.56061,6.43939,2.65152,5.07576,3.86364,10.8333,1.59091,3.10606,5.75758,4.77273,6.81818,9.54545,6.9697,6.66667,1.43939,2.42424,2
8.78533,1.22231,3.20856,4.58365,3.43774,6.5699,2.82659,5.42399,3.51413,10.9244,1.68067,3.51413,5.88235,4.43086,6.79908,10.0076,6.79908,6.41711,1.3751,2.5974,2
8.34598,1.44158,3.56601,4.47648,3.56601,5.00759,2.95903,5.61457,3.71775,11.0015,1.74507,3.64188,5.15933,4.55235,6.9044,9.63581,8.27011,6.52504,1.28983,2.57967,2
9.375,1.37195,3.5061,4.34451,3.5061,5.56402,2.82012,5.25915,3.5061,11.4329,2.05793,3.65854,5.18293,4.57317,6.78354,9.60366,7.16463,6.55488,1.29573,2.43902,2
8.58238,1.22605,3.21839,4.75096,3.5249,6.36015,2.75862,5.44061,3.5249,10.8812,1.91571,3.5249,5.90038,4.52107,6.7433,9.80843,7.04981,6.36015,1.37931,2.52874,2
10.1246,1.40187,3.34891,4.51713,3.73832,5.76324,2.72586,5.06231,3.50467,11.838,2.02492,3.8162,5.21807,5.06231,6.38629,8.95639,6.7757,6.15265,1.24611,2.33645,2
8.02701,1.42536,3.45086,4.27607,3.67592,4.95124,2.47562,6.07652,3.82596,10.9527,1.95049,4.12603,5.02626,5.92648,6.45161,10.3526,7.35184,5.62641,1.35034,2.70068,2
8.50575,1.22605,3.29502,4.67433,3.44828,6.28352,2.83525,5.44061,3.5249,10.9579,1.83908,3.5249,5.74713,4.52107,6.81992,10.1149,6.97318,6.36015,1.37931,2.52874,2
9.47003,1.21633,3.2146,4.43093,3.73588,5.90791,2.69331,5.4735,3.30148,11.0339,1.91138,3.47524,5.38662,4.51781,6.77672,9.29626,6.8636,6.95048,1.56386,2.78019,2
9.71302,1.3245,3.53201,4.85651,3.45843,5.88668,3.16409,5.29801,3.23767,11.2583,1.766,3.09051,5.51876,4.70935,6.84327,9.63944,6.6961,6.2546,1.47167,2.28109,2
7.31707,2.07317,5.2439,5.36585,4.26829,6.21951,1.95122,7.31707,5.85366,10.6098,2.80488,4.5122,3.41463,3.78049,4.39024,6.34146,5.4878,7.56098,2.07317,3.41463,2
8.00745,2.23464,3.35196,6.70391,3.72439,7.44879,1.8622,3.91061,5.77281,11.7318,2.23464,2.97952,4.09683,5.21415,6.70391,6.89013,5.77281,6.70391,2.60708,2.04842,2
5.34521,1.3363,3.56347,6.23608,4.23163,6.68151,2.22717,5.79065,6.01336,12.0267,2.00445,3.34076,4.67706,4.00891,5.12249,9.35412,5.56793,6.90423,2.44989,3.11804,2
5.74468,1.91489,4.25532,4.89362,4.46809,6.06383,1.91489,7.23404,5.53191,10.4255,2.76596,4.46809,6.17021,4.3617,5.31915,7.44681,6.38298,5.95745,1.70213,2.97872,2
5.73858,1.91286,4.2508,4.88842,4.14453,6.16366,1.91286,7.22635,5.73858,10.5207,2.76302,4.88842,6.26993,4.46334,4.99469,7.01382,6.3762,5.84485,1.59405,3.29437,2
5.74468,1.91489,4.25532,4.89362,4.57447,6.06383,1.91489,7.23404,5.53191,10.4255,2.76596,4.46809,6.17021,4.3617,5.31915,7.44681,6.38298,5.95745,1.70213,2.87234,2
5.08083,1.96305,5.08083,4.84988,5.31178,6.23557,1.96305,7.50577,6.12009,8.42956,3.23326,6.35104,4.27252,4.50346,5.54273,6.00462,6.23557,6.69746,1.50115,3.11778,2
5.59701,1.86567,4.60199,5.34826,4.72637,6.09453,1.61692,7.71144,6.46766,9.82587,2.73632,5.59701,3.60697,4.85075,4.60199,6.21891,7.08955,6.09453,1.61692,3.73134,2
6.38298,1.91489,4.89362,4.46809,4.68085,6.2766,2.23404,8.29787,6.38298,9.3617,2.76596,5,4.46809,5,3.93617,6.2766,6.91489,6.06383,1.38298,3.29787,2
5.85106,1.91489,4.25532,4.89362,4.46809,6.06383,1.91489,7.23404,5.42553,10.4255,2.76596,4.46809,6.17021,4.3617,5.42553,7.55319,6.2766,5.95745,1.59574,2.97872,2
5.73248,1.91083,4.24628,4.88323,4.14013,6.26327,2.01699,7.21868,5.62633,10.5096,2.76008,4.67091,6.36943,4.4586,5.09554,7.00637,6.36943,5.83864,1.59236,3.29087,2
5.10689,2.3753,4.86936,4.86936,4.27553,5.22565,2.3753,7.48219,6.29454,9.02613,2.85036,5.10689,4.63183,4.63183,5.46318,7.24466,7.12589,6.17577,1.54394,3.32542,2
6.38978,1.59744,6.92226,4.57934,5.21832,6.38978,2.02343,6.17678,5.53781,7.77423,3.62087,5.11182,4.25985,3.08839,3.94036,7.56124,7.24175,7.24175,1.70394,3.62087,2
5.29412,2.23529,4.70588,5.05882,4.58824,5.76471,2,7.76471,7.17647,8.94118,3.17647,5.64706,4,4.35294,4.35294,7.17647,6.35294,6.11765,1.64706,3.64706,2
6.3358,1.79514,4.54065,4.75185,4.64625,6.1246,1.90074,7.28617,5.70222,10.1373,2.85111,5.17423,5.27983,4.43506,5.06864,7.70855,6.01901,5.49102,1.37276,3.37909,2
5.34759,2.24599,5.24064,5.02674,5.02674,5.88235,2.03209,7.48663,5.5615,8.87701,3.42246,5.7754,4.17112,4.49198,5.66845,6.73797,5.88235,6.41711,1.49733,3.20856,2
7.5028,2.35162,4.47928,4.59127,5.93505,5.93505,2.57559,7.83875,4.70325,9.63046,2.57559,5.37514,3.24748,3.24748,4.03135,7.61478,6.94289,6.60694,1.2318,3.58343,2
6.44491,1.97505,4.7817,4.5738,4.7817,6.44491,2.079,7.58836,6.23701,9.25156,2.7027,4.88565,4.88565,4.9896,4.26195,6.75676,6.65281,5.92516,1.4553,3.3264,2
5.53633,2.19146,4.38293,4.95963,4.84429,6.22837,2.07612,7.38178,5.99769,9.34256,2.76817,5.19031,4.61361,4.72895,5.19031,6.92042,6.80507,5.99769,1.61476,3.22953,2
5.4678,2.18712,4.25273,4.98177,4.73876,6.07533,2.30863,7.2904,6.07533,9.47752,2.91616,5.10328,4.49575,4.86027,4.61725,7.04739,6.68287,6.31835,1.70109,3.40219,2
5.33769,1.96078,4.90196,5.22876,4.3573,6.10022,1.74292,7.62527,6.20915,9.69499,2.94118,5.66449,4.57516,4.24837,4.46623,7.51634,6.20915,5.99129,1.85185,3.37691,2
5.38922,2.15569,4.5509,4.91018,4.5509,5.86826,2.15569,7.54491,5.86826,9.34132,2.75449,5.38922,4.31138,5.02994,4.91018,6.94611,6.94611,6.34731,1.55689,3.47305,2
5.53398,2.42718,6.31068,6.60194,4.85437,4.85437,2.03883,7.08738,4.95146,8.73786,3.30097,4.95146,4.36893,1.5534,4.36893,8.73786,6.69903,6.79612,1.65049,4.17476,2
6.75944,2.38569,5.76541,5.4672,5.666,5.96421,2.08748,6.46123,4.77137,9.04573,2.98211,6.06362,4.27435,1.88867,4.57256,6.75944,5.96421,7.45527,1.59046,4.07555,2
5.83333,2.02381,4.16667,5.2381,4.52381,5.95238,2.14286,7.02381,5.95238,9.28571,2.7381,4.88095,4.64286,4.88095,5.95238,6.66667,6.90476,6.30952,1.42857,3.45238,2
5.61941,2.04342,5.10856,4.5977,4.34227,5.61941,2.17114,7.91826,5.74713,9.45083,2.80971,4.72542,6.00255,4.21456,4.5977,6.89655,6.3857,6.51341,1.53257,3.7037,2
5.81778,2.5247,4.06147,5.15917,4.28101,5.81778,2.19539,7.02525,6.25686,9.11087,2.85401,4.82986,4.28101,4.82986,5.70801,7.35456,7.24479,6.03732,1.53677,3.07355,2
5.50351,2.10773,4.68384,5.15222,4.56674,5.7377,2.22482,7.25995,5.9719,10.0703,2.69321,5.15222,4.33255,4.68384,4.91803,6.90867,6.55738,6.32319,1.52225,3.62998,2
4.92476,2.18878,4.51436,5.33516,4.37756,5.88235,2.18878,8.07114,5.88235,9.30233,3.00958,5.47196,4.10397,4.78796,4.92476,7.11354,7.11354,6.01915,1.50479,3.28317,2
5.56793,2.00445,4.45434,5.12249,4.45434,5.902,2.00445,7.46102,5.67929,10.0223,2.89532,5.12249,4.5657,4.67706,5.01114,7.01559,6.68151,6.34744,1.55902,3.45212,2
6.63507,1.30332,3.79147,6.3981,4.38389,6.51659,2.36967,5.6872,5.56872,10.3081,2.1327,3.5545,5.80569,3.5545,5.56872,8.05687,5.80569,6.75355,2.48815,3.31754,2
5.83333,1.97917,4.27083,6.35417,4.27083,6.97917,2.08333,5.83333,5.625,10.3125,1.875,3.54167,5.20833,3.75,5.83333,7.91667,6.14583,6.5625,2.29167,3.33333,2
6.22914,1.66852,4.00445,6.67408,4.22692,6.78532,2.00222,5.89544,5.56174,10.4561,2.00222,3.78198,5.33927,3.67075,5.89544,7.45273,6.11791,6.45161,2.33593,3.44828,2
6.22986,2.04082,4.40387,6.12245,4.40387,7.19656,1.9334,5.90763,5.58539,10.4189,1.9334,3.7594,5.04834,3.43716,5.47798,7.62621,6.12245,6.55209,2.36305,3.43716,2
6.22837,2.24913,5.19031,6.05536,4.15225,7.43945,2.07612,5.70934,5.36332,8.47751,1.90311,3.63322,5.53633,3.46021,6.22837,7.61246,6.57439,6.05536,2.42215,3.63322,2
6.22837,2.24913,5.19031,6.05536,4.15225,7.43945,2.07612,5.70934,5.36332,8.47751,1.90311,3.63322,5.53633,3.46021,6.22837,7.61246,6.57439,6.05536,2.42215,3.63322,2
6.22837,2.24913,5.19031,6.05536,4.15225,7.43945,2.07612,5.70934,5.36332,8.47751,1.90311,3.63322,5.53633,3.46021,6.22837,7.61246,6.57439,6.05536,2.42215,3.63322,2
6.22837,2.24913,5.19031,6.05536,4.15225,7.43945,2.07612,5.70934,5.36332,8.47751,1.90311,3.63322,5.53633,3.46021,6.22837,7.61246,6.57439,6.05536,2.42215,3.63322,2
6.22837,2.24913,5.19031,6.05536,4.15225,7.43945,2.07612,5.70934,5.36332,8.47751,1.90311,3.63322,5.53633,3.46021,6.22837,7.61246,6.57439,6.05536,2.42215,3.63322,2
6.22837,2.24913,5.19031,6.05536,4.15225,7.43945,2.07612,5.70934,5.36332,8.47751,1.90311,3.63322,5.53633,3.46021,6.22837,7.61246,6.57439,6.05536,2.42215,3.63322,2
6.22837,2.24913,5.19031,6.05536,4.15225,7.43945,2.07612,5.70934,5.36332,8.47751,1.90311,3.63322,5.53633,3.46021,6.22837,7.61246,6.57439,6.05536,2.42215,3.63322,2
6.34441,1.81269,3.92749,6.0423,4.68278,6.94864,2.41692,5.58912,5.74018,9.96979,2.1148,3.47432,5.89124,3.32326,4.53172,7.85498,6.19335,6.64653,3.17221,3.32326,2
5.83333,1.97917,4.16667,6.45833,4.27083,6.97917,2.08333,5.52083,5.625,10.4167,1.875,3.54167,5.20833,3.75,5.83333,7.91667,6.25,6.66667,2.29167,3.33333,2
6.03538,1.97711,4.26639,6.34755,4.26639,6.9719,2.08117,5.7232,5.51509,10.4058,1.87305,3.64204,5.41103,3.7461,5.93132,7.70031,6.03538,6.45161,2.28928,3.32986,2
6.58199,1.38568,4.04157,6.23557,4.04157,7.27483,2.54042,5.31178,5.08083,10.2771,2.07852,4.04157,5.77367,3.69515,5.54273,7.96767,5.54273,7.04388,2.30947,3.23326,2
6.63507,1.18483,3.79147,6.3981,4.38389,6.51659,2.36967,5.6872,5.56872,10.3081,2.1327,3.5545,5.80569,3.5545,5.56872,8.17536,5.80569,6.75355,2.48815,3.31754,2
5.99593,2.03252,4.26829,6.50407,4.26829,7.0122,1.93089,5.4878,5.4878,10.2642,1.82927,3.35366,5.28455,3.76016,5.79268,8.13008,6.09756,6.80894,2.43902,3.25203,2
6.01604,1.3369,3.87701,6.68449,4.67914,6.14973,2.13904,6.28342,6.28342,10.2941,1.87166,3.74332,4.41176,3.74332,5.2139,8.42246,6.68449,6.28342,2.40642,3.47594,2
5.95358,2.01816,4.23814,6.45812,4.23814,6.96266,2.01816,5.44904,5.44904,10.1917,1.81635,3.43088,5.34813,3.7336,5.85267,8.17356,6.1554,6.86176,2.4218,3.22906,2
6.54545,1.33333,4,6.42424,4.36364,6.30303,2.42424,5.81818,5.69697,10.1818,2.06061,3.63636,5.57576,3.63636,5.57576,8.12121,5.93939,6.54545,2.42424,3.39394,2
6.18812,1.36139,3.9604,6.68317,4.45545,6.31188,2.10396,5.94059,5.81683,10.396,1.9802,3.83663,5.07426,3.71287,5.69307,8.04455,6.18812,6.43564,2.35149,3.46535,2
6.63507,1.30332,3.79147,6.3981,4.38389,6.51659,2.36967,5.56872,5.56872,10.3081,2.1327,3.5545,5.80569,3.5545,5.56872,8.05687,5.80569,6.87204,2.48815,3.31754,2
6.00815,2.24033,4.27699,6.00815,4.37882,6.51731,2.13849,5.19348,5.39715,9.77597,1.83299,3.25866,6.51731,3.66599,6.72098,8.14664,6.00815,6.51731,2.24033,3.15682,2
6.35324,1.52478,4.57433,6.09911,4.19314,6.09911,2.28717,5.97205,5.46379,11.817,2.03304,4.3202,3.81194,4.06607,5.59085,7.87802,6.09911,6.09911,2.1601,3.55781,2
5.42231,2.08551,3.96246,5.52659,3.54536,6.56934,1.77268,5.83942,6.46507,10.5318,2.29406,4.58811,5.52659,4.69239,5.00521,7.19499,5.83942,7.19499,2.18978,3.75391,2
7.94326,0.851064,5.67376,5.95745,4.96454,7.51773,0.851064,9.07801,3.12057,9.3617,3.12057,6.09929,4.39716,2.55319,3.97163,6.80851,5.39007,6.95035,1.56028,3.82979,2
6.4,1.33333,6.26667,5.2,4.66667,6.66667,1.46667,9.33333,3.86667,8.66667,3.6,5.6,3.46667,3.6,4,6.8,5.86667,7.6,1.46667,4.13333,2
9.538,1.93741,4.91803,4.61997,5.06706,6.40835,1.78838,5.36513,4.91803,9.09091,2.98063,4.47094,3.57675,5.36513,5.06706,7.45156,6.40835,5.2161,2.3845,3.42772,2
6.82493,1.03858,4.89614,4.30267,5.48961,5.63798,1.78042,7.71513,4.30267,9.05045,3.56083,4.74777,4.74777,3.41246,5.19288,6.82493,7.12166,7.71513,2.07715,3.56083,2
4.77032,1.94346,7.06714,4.77032,6.5371,5.12367,2.4735,8.65724,4.0636,8.48057,2.82686,4.0636,4.59364,2.82686,4.77032,8.30389,5.47703,8.83392,1.06007,3.35689,2
5.90062,1.24224,6.8323,5.12422,5.2795,4.96894,1.70807,9.31677,3.72671,9.78261,2.95031,3.41615,4.03727,3.41615,4.65839,7.91925,6.0559,8.85093,1.24224,3.57143,2
6.79191,1.44509,5.20231,4.76879,6.06936,5.49133,1.30058,6.21387,3.03468,10.6936,3.61272,4.19075,4.19075,3.61272,4.47977,7.36994,7.51445,7.22543,2.02312,4.76879,2
8.26953,1.53139,4.13476,5.0536,4.74732,6.73813,2.75651,5.97243,4.2879,9.49464,1.83767,3.67534,5.20674,3.98162,4.59418,8.11639,5.97243,8.11639,1.99081,3.52221,2
6.2645,1.50812,3.94432,6.14849,4.17633,6.49652,2.43619,5.80046,5.56845,10.4408,1.97216,3.48028,6.03248,3.59629,5.33643,8.35267,5.91647,6.84455,2.43619,3.24826,2
6.03538,2.08117,4.37045,6.2435,4.26639,6.9719,2.08117,5.7232,5.61915,10.4058,1.87305,3.53798,5.41103,3.7461,5.82726,7.70031,5.93132,6.55567,2.28928,3.32986,2
5.63003,1.74263,4.95979,3.75335,6.03217,6.83646,2.41287,8.17694,5.76408,11.2601,3.21716,4.1555,3.21716,3.48525,4.69169,6.30027,6.43432,6.56836,1.74263,3.6193,2
8.29268,1.46341,3.73984,5.04065,5.04065,4.55285,2.27642,6.99187,4.87805,11.0569,2.76423,4.87805,2.92683,2.60163,5.04065,10.4065,6.01626,5.04065,2.43902,4.55285,2
6.69951,2.06897,4.4335,4.4335,5.22167,5.91133,2.06897,6.60099,5.3202,10.4433,1.7734,5.51724,4.4335,4.03941,5.3202,7.58621,5.22167,7.9803,1.57635,3.34975,2
5.76021,2.88011,4.35365,9.71199,3.215,5.35834,1.33958,5.62626,9.24313,7.83657,1.6075,4.28667,5.29136,3.61688,5.76021,7.63563,5.29136,6.49699,1.33958,3.34896,2
7.15409,1.49371,4.87421,4.3239,5.34591,5.42453,1.80818,6.91824,5.66038,10.1415,2.51572,6.68239,3.8522,3.14465,4.3239,6.60377,6.91824,8.09748,1.33648,3.3805,2
5.9593,1.59884,5.23256,3.92442,4.50581,6.5407,2.47093,6.10465,4.50581,11.1919,2.90698,3.63372,4.06977,3.05233,4.94186,8.72093,4.79651,9.15698,2.32558,4.36047,2
6.93374,2.15716,4.77658,4.00616,4.77658,6.31741,2.15716,8.78274,4.6225,11.2481,2.46533,5.547,2.92758,2.61941,4.31433,6.31741,6.62558,7.55008,2.00308,3.85208,2
7.64951,2.08623,4.86787,4.03338,4.72879,6.39777,1.39082,9.04033,4.58971,10.7093,2.92072,3.8943,3.19889,2.92072,5.4242,6.53686,6.11961,6.81502,2.50348,4.17246,2
6.90909,1.45455,3.63636,6.30303,4.24242,5.45455,1.57576,5.81818,6.18182,11.1515,2.06061,4.84848,4.48485,4.72727,4.72727,7.75758,5.81818,6.78788,2.30303,3.75758,2
5.95238,1.94805,4.22078,6.27706,4.11255,6.70996,2.1645,5.95238,5.19481,10.7143,2.27273,4.00433,4.54545,4.00433,6.60173,7.68398,5.95238,6.16883,2.27273,3.24675,2
5.93132,1.97711,4.26639,6.34755,4.26639,6.9719,2.08117,5.7232,5.51509,10.4058,1.87305,3.64204,5.41103,3.7461,5.93132,7.70031,6.03538,6.55567,2.28928,3.32986,2
6.11791,1.66852,4.00445,6.67408,4.22692,6.78532,2.00222,5.89544,5.56174,10.4561,2.00222,3.78198,5.33927,3.67075,5.89544,7.45273,6.11791,6.56285,2.33593,3.44828,2
5.63166,1.36986,4.2618,5.32725,5.47945,4.10959,2.1309,8.52359,8.06697,10.5023,1.82648,5.32725,2.89193,3.95738,3.34855,9.43683,5.78387,5.32725,2.28311,4.414,2
6.15578,1.25628,3.51759,4.39698,4.77387,5.02513,1.75879,8.41709,6.03015,8.9196,2.38693,5.15075,3.64322,3.39196,4.14573,9.54774,6.15578,8.9196,1.63317,4.77387,2
6.27413,1.1583,6.46718,5.21236,3.95753,5.21236,1.73745,7.81853,4.53668,8.59073,1.83398,6.27413,3.4749,6.17761,4.15058,8.10811,7.14286,6.46718,0.868726,4.53668,2
7.52688,1.38249,3.99386,2.61137,5.83717,6.60522,1.22888,11.2135,5.06912,8.90937,1.68971,4.91551,3.22581,3.99386,3.68664,8.60215,5.52995,7.98771,2.30415,3.68664,2
4.94148,1.82055,5.07152,3.51105,4.6814,5.07152,1.17035,10.6632,6.11183,10.143,2.3407,5.3316,2.08062,4.29129,4.94148,8.84265,7.41222,5.20156,1.95059,4.42133,2
6.82927,1.70732,3.53659,4.14634,3.90244,5.36585,1.82927,10.7317,6.58537,10.7317,2.31707,5.73171,3.41463,3.29268,4.02439,7.92683,6.09756,5.36585,1.95122,4.5122,2
6.18847,2.1097,4.92264,2.391,5.34459,5.48523,0.984529,10.2672,4.5007,11.1111,1.54712,5.76653,2.81294,3.37553,4.21941,8.15752,6.18847,7.45429,1.68776,5.48523,2
5.94796,1.36307,3.84139,4.08922,4.83271,6.81537,1.36307,10.4089,5.32838,9.04585,2.47831,6.56753,3.46964,2.85006,4.83271,8.05452,6.81537,6.69145,2.10657,3.09789,2
6.26741,1.39276,3.76045,5.29248,4.5961,6.12813,0.557103,9.1922,6.26741,10.585,2.50696,6.68524,3.76045,3.20334,4.039,6.68524,6.68524,6.54596,1.81058,4.039,2
6.70732,2.07317,4.26829,4.5122,4.63415,5.4878,1.21951,8.90244,5.97561,9.14634,2.31707,5.36585,3.78049,2.92683,4.7561,8.90244,7.07317,5.2439,2.19512,4.5122,2
5.91286,3.63071,4.56432,4.35685,4.46058,4.97925,2.38589,10.3734,6.639,8.19502,1.65975,5.70539,3.83817,4.04564,4.46058,8.40249,5.49793,5.80913,1.45228,3.63071,2
8.00562,1.82584,3.23034,4.07303,4.77528,4.07303,1.96629,10.6742,5.61798,10.1124,1.96629,6.03933,3.79213,2.52809,3.79213,7.72472,6.46067,7.30337,1.54494,4.49438,2
7.01169,2.17028,3.50584,3.50584,5.67613,4.67446,1.66945,10.8514,6.01002,9.34891,1.83639,5.67613,4.00668,2.00334,4.00668,8.51419,7.51252,6.6778,1.33556,4.00668,2
6.60622,1.94301,3.62694,3.75648,5.18135,3.88601,2.20207,11.5285,4.92228,9.06736,2.72021,6.73575,4.53368,2.84974,3.75648,7.38342,6.60622,5.95855,1.42487,5.31088,2
5.75275,2.32558,3.91677,4.03917,5.14076,5.75275,2.08078,9.91432,5.99755,10.2815,2.20318,5.50796,3.18237,3.54957,4.03917,7.34394,6.36475,5.75275,1.59119,5.26316,2
5.50898,1.55689,4.43114,4.31138,4.07186,5.50898,1.55689,8.86228,5.98802,11.018,2.15569,5.62874,4.19162,3.23353,3.23353,8.02395,6.82635,6.82635,2.03593,5.02994,2
6.16438,0.958904,4.65753,3.83562,4.79452,4.65753,1.23288,10.6849,6.16438,10.411,2.60274,5.06849,3.28767,3.0137,5.34247,6.84932,7.94521,5.34247,2.60274,4.38356,2
5.35406,1.38169,5.00864,2.59067,4.66321,5.69948,1.03627,9.67185,6.90846,10.7081,3.10881,5.69948,3.45423,2.07254,5.00864,7.59931,6.39033,6.73575,1.72712,5.18135,2
5.89286,1.07143,4.46429,2.67857,4.46429,5.17857,1.78571,10.7143,6.07143,8.92857,2.5,6.60714,4.28571,1.78571,3.92857,7.14286,7.85714,7.32143,2.14286,5.17857,2
5.69444,1.94444,4.44444,4.58333,4.44444,4.72222,1.11111,10.4167,5.13889,11.8056,2.08333,5.41667,3.47222,2.63889,5.13889,7.91667,5.41667,6.25,1.80556,5.55556,2
7.85953,1.33779,4.51505,3.84615,5.18395,4.8495,1.67224,12.0401,5.51839,7.35786,1.83946,6.85619,2.84281,3.17726,4.1806,7.35786,7.85953,5.85284,1.67224,4.1806,2
6.21266,1.31422,3.94265,3.46476,5.49582,5.49582,1.55317,12.1864,5.61529,8.48268,2.27001,7.04898,3.10633,2.62843,4.06213,7.76583,7.16846,6.45161,1.91159,3.82318,2
6.17284,2.74348,3.84088,3.56653,4.52675,3.97805,2.33196,10.5624,6.99588,9.60219,1.92044,6.31001,2.88066,3.84088,2.46914,6.99588,6.58436,7.13306,2.05761,5.48697,2
5.89198,1.96399,4.58265,3.27332,5.07365,4.74632,2.12766,11.6203,5.72831,9.49264,1.63666,4.90998,2.78232,4.74632,3.92799,6.87398,7.03764,6.21931,2.12766,5.23732,2
8.09444,1.51771,4.72175,3.54132,6.74536,4.04722,1.18044,9.10624,4.89039,9.78078,2.19224,5.39629,3.70995,4.04722,4.38449,7.9258,5.22766,7.08263,2.36088,4.04722,2
7.1964,1.49925,4.1979,3.14843,4.7976,4.64768,1.94903,9.29535,5.09745,9.5952,1.7991,4.7976,3.29835,5.24738,3.44828,7.7961,7.34633,7.7961,2.24888,4.7976,2
7.9561,1.37174,4.11523,3.15501,5.76132,5.34979,1.09739,9.87654,4.38957,10.4252,2.19479,6.58436,2.88066,3.7037,4.66392,6.17284,6.03567,8.5048,1.92044,3.84088,2
7.13178,1.24031,3.87597,3.10078,4.49612,5.73643,1.70543,9.6124,4.96124,10.0775,3.25581,6.66667,3.25581,3.41085,4.34109,7.44186,6.20155,6.82171,1.70543,4.96124,2
5.70523,1.58479,2.85261,3.48653,6.97306,5.07132,0.950872,11.0935,4.4374,9.66719,1.26783,6.18067,3.32805,3.16957,4.4374,8.24089,7.29002,7.60697,1.58479,5.07132,2
6.12813,1.39276,3.76045,4.039,5.84958,5.43175,1.81058,10.1671,6.54596,9.88858,2.50696,7.24234,2.36769,2.78552,3.89972,6.82451,5.29248,7.10306,1.81058,5.1532,2
5.49598,1.34048,4.1555,3.6193,6.03217,4.28954,1.07239,10.5898,6.16622,9.11528,1.74263,6.30027,2.81501,3.08311,4.82574,7.90885,7.10456,6.97051,1.74263,5.63003,2
6.30769,2,3.38462,3.38462,7.23077,4.61538,1.38462,11.3846,6.46154,8.61538,1.69231,5.69231,3.53846,1.84615,3.53846,6.92308,6.61538,8.92308,2,4.46154,2
6.75039,2.04082,3.76766,2.98273,6.59341,5.18053,1.56986,10.5181,5.02355,9.26217,2.04082,7.22135,2.98273,2.35479,2.98273,7.37834,7.22135,7.22135,2.1978,4.70958,2
6.73499,1.31772,3.66032,3.22108,6.58858,6.88141,1.31772,9.51684,3.80673,10.6881,1.90337,5.27086,3.07467,3.80673,4.5388,8.93119,6.29575,6.14934,1.46413,4.83163,2
6.04891,1.6731,2.8314,3.6036,6.56371,6.30631,1.5444,10.6821,4.3758,9.00901,2.4453,6.17761,3.4749,3.4749,4.7619,8.62291,6.43501,5.92021,1.5444,4.5045,2
5.66038,1.75202,4.31267,3.63881,6.19946,4.04313,2.29111,9.43396,4.85175,10.1078,1.88679,5.52561,3.09973,3.63881,4.58221,8.08625,4.85175,8.3558,2.02156,5.66038,2
6.639,1.79806,3.18119,2.48963,5.25588,4.97925,1.52144,10.7884,5.39419,10.6501,1.93638,6.639,2.62794,3.59613,3.59613,8.99032,6.50069,6.639,2.48963,4.28769,2
8.72675,1.28755,4.57797,3.43348,3.86266,3.86266,2.14592,9.15594,5.15021,10.7296,2.00286,6.72389,3.86266,4.43491,4.29185,11.588,4.72103,5.15021,1.14449,3.14735,2
6.75159,1.91083,3.82166,5.47771,4.71338,5.85987,1.40127,8.28025,6.87898,9.42675,2.92994,5.6051,3.56688,3.18471,4.84076,7.89809,6.75159,6.24204,2.03822,2.42038,2
5.86371,1.90174,4.75436,4.75436,6.33914,5.86371,1.58479,6.18067,4.75436,10.1426,3.32805,3.64501,3.48653,3.64501,6.33914,5.54675,6.81458,9.35024,1.90174,3.80349,2
6.40394,1.60099,5.78818,5.41872,4.55665,6.28079,1.72414,5.78818,5.91133,9.85222,3.69458,4.06404,3.69458,2.95567,4.92611,8.99015,5.29557,8.62069,1.23153,3.20197,2
7.29614,2.57511,4.43491,3.86266,4.57797,5.72246,2.00286,6.00858,3.14735,10.1574,3.29041,5.00715,4.00572,4.43491,4.86409,6.86695,7.4392,7.15308,2.43205,4.72103,2
6.34058,1.99275,5.25362,5.07246,4.71014,6.7029,1.3587,7.51812,5.7971,10.779,3.07971,4.43841,3.98551,3.80435,5.3442,6.88406,5.43478,6.61232,1.81159,3.07971,2
5.77508,2.22898,4.25532,6.07903,3.95137,6.99088,2.43161,5.67376,5.26849,10.6383,2.43161,3.85005,4.66059,3.95137,6.58561,7.80142,5.87639,6.28166,2.22898,3.03951,2
8.60927,1.3245,5.13245,3.1457,5.96026,6.95364,2.15232,5.96026,3.31126,10.7616,2.31788,3.64238,3.31126,4.30464,6.12583,7.94702,5.96026,8.11258,1.82119,3.1457,2
6.42336,2.0438,3.94161,5.54745,4.9635,6.42336,1.60584,6.56934,6.13139,10.5109,2.0438,4.52555,4.08759,2.91971,4.67153,4.67153,7.44526,8.90511,2.33577,4.23358,2
4.58248,1.93483,4.17515,5.29532,5.19348,4.37882,1.52749,10.2851,6.51731,9.5723,2.24033,6.92464,3.25866,4.17515,3.76782,8.04481,6.21181,6.21181,1.42566,4.27699,2
5.16917,1.03383,6.01504,6.10902,4.41729,4.69925,1.59774,7.14286,6.76692,11.5602,2.34962,3.66541,3.28947,3.66541,4.13534,7.42481,6.29699,8.36466,1.40977,4.88722,2
5.89372,1.83575,6.8599,6.57005,4.25121,5.41063,2.31884,6.66667,5.41063,8.59903,3.09179,4.83092,4.7343,1.73913,6.18357,7.43961,5.21739,8.11594,1.0628,3.76812,2
5.06329,2.00422,6.54008,5.59072,3.90295,5.6962,1.68776,7.59494,4.64135,10.0211,2.32068,5.27426,3.5865,3.05907,3.90295,6.96203,7.48945,7.70042,1.89873,5.06329,2
7.01619,1.07941,6.24518,6.93909,4.08635,5.01157,2.08173,6.78489,7.7872,9.32922,3.23824,4.16345,4.00925,3.85505,4.00925,7.633,4.70316,5.85968,2.00463,4.16345,2
5.11278,8.42105,7.81955,5.31328,4.3609,7.36842,2.20551,6.06516,2.60652,6.76692,2.05514,5.81454,4.31078,3.50877,3.00752,6.26566,6.86717,7.06767,1.40351,3.65915,2
6.87204,1.30332,3.79147,6.27962,4.2654,6.3981,2.48815,5.6872,5.56872,10.4265,2.1327,3.67299,5.80569,3.5545,5.45024,8.17536,5.92417,6.3981,2.48815,3.31754,2
7.06714,1.53121,3.65135,6.12485,4.24028,5.30035,1.649,5.7715,6.00707,11.1896,2.12014,4.947,4.47585,4.71143,4.82921,7.53828,5.7715,7.18492,2.23793,3.65135,2
6.22754,1.31737,3.9521,7.18563,4.31138,7.06587,1.79641,5.7485,5.86826,10.8982,2.15569,3.71257,4.43114,4.07186,5.62874,7.90419,6.10778,6.22754,2.15569,3.23353,2
7.35426,1.61435,4.03587,4.93274,4.75336,5.8296,1.97309,6.63677,3.31839,11.5695,2.24215,2.86996,5.02242,3.13901,7.62332,9.6861,6.36771,6.90583,1.25561,2.86996,2
7.21371,1.71326,4.32822,4.41839,4.95942,6.49234,2.07394,5.32011,3.42651,10.8206,2.97565,3.69702,4.68891,2.97565,7.30388,9.37782,6.94319,7.66456,1.2624,2.34445,2
6.90236,4.0404,3.87205,5.55556,5.72391,5.89226,1.0101,6.56566,5.38721,7.40741,2.3569,4.88215,4.54545,2.3569,6.06061,6.39731,6.73401,7.23906,2.0202,5.05051,3
7.77935,3.67751,4.52617,5.51627,4.80905,6.64781,1.83876,6.50636,4.66761,7.63791,2.40453,4.52617,4.66761,2.68741,5.23338,7.77935,5.65771,7.07214,1.9802,4.38472,3
8.35544,4.24403,4.37666,4.11141,5.43767,4.64191,1.19363,5.96817,4.64191,8.62069,2.25464,4.37666,4.11141,3.5809,5.30504,8.22281,6.89655,7.55968,1.72414,4.37666,3
7.34745,3.73599,4.73225,5.35492,4.98132,6.72478,1.61893,7.09838,4.85679,8.21918,2.61519,3.98506,4.23412,2.61519,5.10585,7.09838,6.22665,7.09838,1.74346,4.60772,3
10.0427,4.91453,2.35043,4.05983,5.12821,8.11966,1.28205,4.70085,2.35043,10.0427,0.854701,2.5641,5.98291,2.77778,7.05128,8.33333,6.62393,7.47863,1.7094,3.63248,3
5.63798,5.93472,4.74777,5.04451,4.45104,6.52819,0.593472,10.089,5.63798,8.60534,2.96736,4.1543,4.74777,2.67062,3.56083,5.93472,5.93472,5.93472,1.48368,5.34125,3
5.03472,5.03472,4.34028,4.16667,4.34028,5.55556,1.21528,7.8125,4.86111,7.98611,2.43056,5.38194,5.55556,3.47222,5.20833,8.50694,5.20833,6.77083,1.73611,5.38194,3
